1756397039160 2.0253586884170884 0
1756397039717 1.7511013046654955 1
1756397040399 1.7167904786621742 2
1756397040928 1.7044353162920154 3
1756397041461 1.6979325834848706 4
1756397042014 1.6896149716322026 5
1756397042536 1.6885190336860745 6
1756397043059 1.6833898542470453 7
1756397043582 1.6798837166495304 8
1756397044107 1.6763937933564645 9
1756397044650 1.6752263063629622 10
1756397045190 1.6764464231071325 11
1756397045743 1.6711256269322399 12
1756397046272 1.6698978623828373 13
1756397046805 1.6717099549687506 14
1756397047333 1.6675750730580805 15
1756397047863 1.6695985876915538 16
1756397048405 1.6668852351346992 17
1756397048943 1.6645683837213112 18
1756397049475 1.6658728256188764 19
1756397039160 2.0253586884170884 0
