1756393373137 26.18904972076416 0
1756393376429 6.170624732971191 1
1756393379660 2.800030469894409 2
1756393382869 2.7604769468307495 3
1756393386069 2.6800437569618225 4
1756393389565 2.6496110558509827 5
1756393392571 2.7096535563468933 6
1756393395562 2.6867361664772034 7
1756393398562 2.662126064300537 8
1756393401585 2.626438081264496 9
1756393404583 2.623475730419159 10
1756393407687 2.6069899201393127 11
1756393410845 2.5967633724212646 12
1756393414010 2.531424403190613 13
1756393417142 2.4811086654663086 14
1756393420226 2.4670825004577637 15
1756393423259 2.4842121601104736 16
1756393426220 2.4948484301567078 17
1756393429448 2.499783992767334 18
1756393432435 2.460621953010559 19
1756393435781 2.465749740600586 20
1756393438879 2.4228323698043823 21
1756393441868 2.4103392362594604 22
1756393445036 2.405597984790802 23
1756393448200 2.3829581141471863 24
1756393451261 2.3623307943344116 25
1756393454386 2.349263548851013 26
1756393457476 2.3608248233795166 27
1756393460581 2.3291372060775757 28
