1756393373151 0.3 0
1756393376443 0.3 1
1756393379675 0.3 2
1756393382883 0.3 3
1756393386082 0.3 4
1756393389579 0.3 5
1756393392586 0.3 6
1756393395576 0.27 7
1756393398576 0.27 8
1756393401598 0.27 9
1756393404597 0.27 10
1756393407701 0.27 11
1756393410859 0.27 12
1756393414022 0.27 13
1756393417158 0.24300000000000002 14
1756393420241 0.24300000000000002 15
1756393423274 0.24300000000000002 16
1756393426233 0.24300000000000002 17
1756393429460 0.24300000000000002 18
1756393432449 0.24300000000000002 19
1756393435796 0.24300000000000002 20
1756393438894 0.21870000000000003 21
1756393441884 0.21870000000000003 22
1756393445052 0.21870000000000003 23
1756393448215 0.21870000000000003 24
1756393451275 0.21870000000000003 25
1756393454400 0.21870000000000003 26
1756393457492 0.21870000000000003 27
1756393460598 0.19683000000000003 28
