1756394301629 5.848965287208557 0
1756394303606 3.6994323134422302 1
1756394305566 3.1929524540901184 2
1756394307608 2.9585508704185486 3
1756394309927 2.807616889476776 4
1756394311942 2.628908932209015 5
1756394313890 2.5486778616905212 6
1756394315797 2.4964500665664673 7
1756394317822 2.4537458419799805 8
1756394319904 2.4559430480003357 9
1756394321872 2.377362370491028 10
1756394323770 2.352684438228607 11
1756394325724 2.3156193494796753 12
1756394327676 2.2965433597564697 13
1756394329660 2.2743350863456726 14
1756394331592 2.2538658380508423 15
1756394333507 2.2352184057235718 16
1756394335441 2.220842480659485 17
1756394337338 2.2080540657043457 18
1756394339237 2.1996865272521973 19
1756394341229 2.187560021877289 20
1756394343251 2.189736783504486 21
1756394345256 2.1725135445594788 22
1756394347266 2.169706165790558 23
1756394349258 2.1704912781715393 24
1756394351329 2.1556753516197205 25
1756394353323 2.161047339439392 26
1756394355322 2.1539762020111084 27
1756394357343 2.1489978432655334 28
1756394359356 2.149603009223938 29
1756394361379 2.137334644794464 30
1756394363388 2.1395915150642395 31
1756394365428 2.1335731744766235 32
1756394367640 2.1372326016426086 33
1756394369580 2.13731986284256 34
1756394371536 2.137762129306793 35
1756394373466 2.1464444994926453 36
1756394375401 2.144541084766388 37
1756394377326 2.1319151520729065 38
1756394379259 2.141108214855194 39
1756394381247 2.136495590209961 40
1756394383173 2.1321728229522705 41
1756394385093 2.1246474385261536 42
1756394387012 2.1223905086517334 43
1756394388962 2.1181235313415527 44
1756394390955 2.1125563979148865 45
1756394392934 2.112643837928772 46
1756394394915 2.110219895839691 47
1756394396838 2.106936812400818 48
1756394398744 2.103225827217102 49
1756394400660 2.1017255783081055 50
1756394402561 2.0876514315605164 51
1756394404465 2.086584508419037 52
1756394406340 2.0829687118530273 53
1756394408274 2.0856313705444336 54
1756394410175 2.082182466983795 55
1756394412157 2.074739694595337 56
1756394414067 2.073435962200165 57
1756394415963 2.063886284828186 58
1756394417875 2.0573346614837646 59
1756394419806 2.0619099140167236 60
1756394421744 2.0611250400543213 61
1756394423921 2.0519362688064575 62
1756394425850 2.047838270664215 63
1756394427787 2.0485122203826904 64
1756394429693 2.0470903515815735 65
1756394431662 2.0379819869995117 66
1756394433548 2.0360947251319885 67
1756394435463 2.0321366786956787 68
1756394437364 2.026884287595749 69
1756394439277 2.0290075540542603 70
1756394441259 2.0205809473991394 71
1756394443165 2.015219986438751 72
1756394445067 2.0075643956661224 73
1756394446973 2.0078700482845306 74
1756394448885 2.012438476085663 75
1756394450790 2.0063295662403107 76
1756394452766 1.9980808794498444 77
1756394454683 2.000369668006897 78
1756394456611 2.004493087530136 79
1756394458552 1.99584499001503 80
1756394460486 1.9933506548404694 81
1756394462423 1.9863226413726807 82
1756394464346 1.9912692606449127 83
1756394466274 1.9893890023231506 84
1756394468200 1.9769759476184845 85
1756394470138 1.983366221189499 86
1756394472157 1.9759733378887177 87
1756394474086 1.9794130623340607 88
1756394476043 1.975605070590973 89
1756394477967 1.9754257202148438 90
1756394479901 1.971996545791626 91
1756394482089 1.9640968441963196 92
1756394484022 1.9615628123283386 93
1756394485936 1.9583299458026886 94
1756394487996 1.9613073766231537 95
1756394490073 1.957029104232788 96
1756394492126 1.953875571489334 97
1756394494086 1.9535447359085083 98
1756394496078 1.9433844983577728 99
1756394498094 1.9522020518779755 100
1756394500035 1.9518685936927795 101
1756394502062 1.9523843228816986 102
1756394504014 1.9498120844364166 103
1756394505960 1.9488476812839508 104
1756394507865 1.9502970576286316 105
1756394509788 1.9439131617546082 106
1756394511712 1.951470971107483 107
1756394513650 1.949230670928955 108
1756394515571 1.9474351406097412 109
1756394517490 1.9450273215770721 110
1756394519424 1.9398968815803528 111
1756394521354 1.9432550072669983 112
