1756394301642 0.02 0
1756394303620 0.02 1
1756394305582 0.02 2
1756394307622 0.02 3
1756394309941 0.02 4
1756394311958 0.02 5
1756394313904 0.02 6
1756394315813 0.02 7
1756394317838 0.02 8
1756394319919 0.02 9
1756394321885 0.018000000000000002 10
1756394323783 0.018000000000000002 11
1756394325738 0.018000000000000002 12
1756394327689 0.018000000000000002 13
1756394329674 0.018000000000000002 14
1756394331607 0.018000000000000002 15
1756394333520 0.018000000000000002 16
1756394335456 0.018000000000000002 17
1756394337352 0.018000000000000002 18
1756394339252 0.018000000000000002 19
1756394341244 0.016200000000000003 20
1756394343267 0.016200000000000003 21
1756394345273 0.016200000000000003 22
1756394347282 0.016200000000000003 23
1756394349276 0.016200000000000003 24
1756394351343 0.016200000000000003 25
1756394353338 0.016200000000000003 26
1756394355335 0.016200000000000003 27
1756394357357 0.016200000000000003 28
1756394359370 0.016200000000000003 29
1756394361395 0.014580000000000003 30
1756394363402 0.014580000000000003 31
1756394365443 0.014580000000000003 32
1756394367655 0.014580000000000003 33
1756394369597 0.014580000000000003 34
1756394371551 0.014580000000000003 35
1756394373481 0.014580000000000003 36
1756394375415 0.014580000000000003 37
1756394377339 0.014580000000000003 38
1756394379272 0.014580000000000003 39
1756394381263 0.013122000000000003 40
1756394383188 0.013122000000000003 41
1756394385107 0.013122000000000003 42
1756394387028 0.013122000000000003 43
1756394388976 0.013122000000000003 44
1756394390971 0.013122000000000003 45
1756394392948 0.013122000000000003 46
1756394394931 0.013122000000000003 47
1756394396853 0.013122000000000003 48
1756394398760 0.013122000000000003 49
1756394400676 0.011809800000000004 50
1756394402576 0.011809800000000004 51
1756394404481 0.011809800000000004 52
1756394406356 0.011809800000000004 53
1756394408288 0.011809800000000004 54
1756394410190 0.011809800000000004 55
1756394412173 0.011809800000000004 56
1756394414083 0.011809800000000004 57
1756394415978 0.011809800000000004 58
1756394417890 0.011809800000000004 59
1756394419819 0.010628820000000004 60
1756394421760 0.010628820000000004 61
1756394423935 0.010628820000000004 62
1756394425863 0.010628820000000004 63
1756394427803 0.010628820000000004 64
1756394429708 0.010628820000000004 65
1756394431675 0.010628820000000004 66
1756394433563 0.010628820000000004 67
1756394435478 0.010628820000000004 68
1756394437378 0.010628820000000004 69
1756394439291 0.009565938000000005 70
1756394441275 0.009565938000000005 71
1756394443180 0.009565938000000005 72
1756394445082 0.009565938000000005 73
1756394446989 0.009565938000000005 74
1756394448901 0.009565938000000005 75
1756394450806 0.009565938000000005 76
1756394452781 0.009565938000000005 77
1756394454697 0.009565938000000005 78
1756394456626 0.009565938000000005 79
1756394458568 0.008609344200000004 80
1756394460502 0.008609344200000004 81
1756394462438 0.008609344200000004 82
1756394464360 0.008609344200000004 83
1756394466289 0.008609344200000004 84
1756394468216 0.008609344200000004 85
1756394470152 0.008609344200000004 86
1756394472173 0.008609344200000004 87
1756394474102 0.008609344200000004 88
1756394476058 0.008609344200000004 89
1756394477983 0.007748409780000004 90
1756394479916 0.007748409780000004 91
1756394482104 0.007748409780000004 92
1756394484038 0.007748409780000004 93
1756394485952 0.007748409780000004 94
1756394488013 0.007748409780000004 95
1756394490090 0.007748409780000004 96
1756394492142 0.007748409780000004 97
1756394494104 0.007748409780000004 98
1756394496095 0.007748409780000004 99
1756394498110 0.006973568802000004 100
1756394500052 0.006973568802000004 101
1756394502079 0.006973568802000004 102
1756394504029 0.006973568802000004 103
1756394505975 0.006973568802000004 104
1756394507881 0.006973568802000004 105
1756394509804 0.006973568802000004 106
1756394511727 0.006973568802000004 107
1756394513666 0.006973568802000004 108
1756394515586 0.006973568802000004 109
1756394517505 0.006276211921800004 110
1756394519440 0.006276211921800004 111
1756394521369 0.006276211921800004 112
