1756398024507 8.260154724121094 0
1756398027571 6.712169051170349 1
1756398030600 5.774113774299622 2
1756398033578 5.141341924667358 3
1756398036526 4.69102156162262 4
1756398039418 4.373198628425598 5
1756398042262 4.169598579406738 6
1756398045113 4.011541187763214 7
1756398048001 3.8482534289360046 8
1756398050879 3.728232681751251 9
1756398053706 3.62421852350235 10
1756398056571 3.5535513758659363 11
1756398059442 3.4837870001792908 12
1756398062510 3.438982903957367 13
1756398065371 3.3860345482826233 14
1756398068247 3.3174725770950317 15
1756398071102 3.2633578181266785 16
1756398073951 3.235893964767456 17
1756398076862 3.1948848962783813 18
1756398079757 3.156538426876068 19
1756398082688 3.1287050247192383 20
1756398085592 3.08184951543808 21
1756398088991 3.0750014781951904 22
1756398092370 3.051527738571167 23
1756398095296 3.022565543651581 24
1756398098176 3.0053486824035645 25
1756398101016 2.9484416246414185 26
1756398104141 2.940012812614441 27
1756398107046 2.9045480489730835 28
1756398109924 2.890212118625641 29
1756398112812 2.8682848811149597 30
1756398115683 2.8671973943710327 31
1756398118533 2.8244824409484863 32
1756398121381 2.8156131505966187 33
1756398124268 2.796591818332672 34
1756398127176 2.7806102633476257 35
1756398130057 2.7667524814605713 36
1756398132912 2.762238025665283 37
1756398135728 2.7511576414108276 38
1756398138621 2.7449350357055664 39
1756398141445 2.699471116065979 40
1756398144469 2.715868651866913 41
1756398147348 2.6940760016441345 42
1756398150187 2.6721354126930237 43
1756398153123 2.6670450568199158 44
1756398155978 2.6667762398719788 45
1756398158832 2.6550009846687317 46
1756398161677 2.657448709011078 47
1756398164479 2.6186503767967224 48
1756398167347 2.631526470184326 49
