1756398024522 0.002 0
1756398027589 0.002 1
1756398030616 0.002 2
1756398033604 0.002 3
1756398036540 0.002 4
1756398039435 0.002 5
1756398042279 0.002 6
1756398045131 0.002 7
1756398048016 0.002 8
1756398050897 0.002 9
1756398053722 0.0018000000000000002 10
1756398056587 0.0018000000000000002 11
1756398059457 0.0018000000000000002 12
1756398062525 0.0018000000000000002 13
1756398065386 0.0018000000000000002 14
1756398068264 0.0018000000000000002 15
1756398071117 0.0018000000000000002 16
1756398073967 0.0018000000000000002 17
1756398076878 0.0018000000000000002 18
1756398079773 0.0018000000000000002 19
1756398082703 0.0016200000000000001 20
1756398085608 0.0016200000000000001 21
1756398089010 0.0016200000000000001 22
1756398092387 0.0016200000000000001 23
1756398095311 0.0016200000000000001 24
1756398098191 0.0016200000000000001 25
1756398101032 0.0016200000000000001 26
1756398104156 0.0016200000000000001 27
1756398107061 0.0016200000000000001 28
1756398109942 0.0016200000000000001 29
1756398112827 0.001458 30
1756398115697 0.001458 31
1756398118549 0.001458 32
1756398121395 0.001458 33
1756398124283 0.001458 34
1756398127194 0.001458 35
1756398130075 0.001458 36
1756398132928 0.001458 37
1756398135744 0.001458 38
1756398138634 0.001458 39
1756398141460 0.0013122000000000001 40
1756398144484 0.0013122000000000001 41
1756398147364 0.0013122000000000001 42
1756398150202 0.0013122000000000001 43
1756398153138 0.0013122000000000001 44
1756398155994 0.0013122000000000001 45
1756398158848 0.0013122000000000001 46
1756398161692 0.0013122000000000001 47
1756398164494 0.0013122000000000001 48
1756398167364 0.0013122000000000001 49
