1756393481190 92.89216804504395 0
1756393497068 6.166303336620331 1
1756393512474 2.8107733726501465 2
1756393527815 2.841068923473358 3
1756393543034 2.678745925426483 4
1756393558415 2.581591486930847 5
1756393573462 2.4788106083869934 6
1756393588436 2.413502871990204 7
1756393603449 2.383837044239044 8
1756393618486 2.3761215209960938 9
1756393633377 2.3485321402549744 10
1756393648326 2.3130274415016174 11
1756393663150 2.3083726167678833 12
1756393678092 2.281566321849823 13
1756393693017 2.2808643579483032 14
1756393708147 2.266975462436676 15
1756393723383 2.263971209526062 16
1756393738395 2.25018972158432 17
1756393753421 2.2445836067199707 18
