1756395173961 8.260154724121094 0
1756395177054 6.712169051170349 1
1756395180154 5.774113774299622 2
1756395183664 5.141341924667358 3
1756395186672 4.69102156162262 4
1756395189612 4.373198628425598 5
1756395192644 4.169598579406738 6
1756395195682 4.011541187763214 7
1756395198667 3.8482534289360046 8
1756395201618 3.728232681751251 9
1756395204535 3.62421852350235 10
1756395207453 3.5535513758659363 11
1756395210381 3.4837870001792908 12
1756395213363 3.438982903957367 13
1756395216259 3.3860345482826233 14
1756395219140 3.3174725770950317 15
1756395222337 3.2633578181266785 16
1756395225244 3.235893964767456 17
1756395228141 3.1948848962783813 18
1756395231076 3.156538426876068 19
1756395234042 3.1287050247192383 20
1756395236964 3.08184951543808 21
1756395239902 3.0750014781951904 22
1756395242903 3.051527738571167 23
1756395245902 3.022565543651581 24
1756395248830 3.0053486824035645 25
1756395251779 2.9484416246414185 26
1756395254745 2.940012812614441 27
1756395257661 2.9045480489730835 28
1756395260855 2.890212118625641 29
1756395263812 2.8682848811149597 30
1756395266744 2.8671973943710327 31
1756395269705 2.8244824409484863 32
1756395272678 2.8156131505966187 33
1756395275657 2.796591818332672 34
1756395278597 2.7806102633476257 35
1756395281552 2.7667524814605713 36
1756395284517 2.762238025665283 37
1756395287429 2.7511576414108276 38
1756395290385 2.7449350357055664 39
1756395293360 2.699471116065979 40
1756395296306 2.715868651866913 41
1756395299474 2.6940760016441345 42
1756395302422 2.6721354126930237 43
1756395305403 2.6670450568199158 44
1756395308309 2.6667762398719788 45
1756395311244 2.6550009846687317 46
1756395314203 2.657448709011078 47
1756395317150 2.6186503767967224 48
1756395320113 2.631526470184326 49
1756395323049 2.601621985435486 50
1756395325992 2.6211719512939453 51
1756395328900 2.598856210708618 52
1756395331870 2.5781095027923584 53
