1756395173974 0.002 0
1756395177068 0.002 1
1756395180168 0.002 2
1756395183678 0.002 3
1756395186687 0.002 4
1756395189626 0.002 5
1756395192660 0.002 6
1756395195697 0.002 7
1756395198681 0.002 8
1756395201632 0.002 9
1756395204549 0.0018000000000000002 10
1756395207468 0.0018000000000000002 11
1756395210397 0.0018000000000000002 12
1756395213378 0.0018000000000000002 13
1756395216273 0.0018000000000000002 14
1756395219155 0.0018000000000000002 15
1756395222351 0.0018000000000000002 16
1756395225258 0.0018000000000000002 17
1756395228157 0.0018000000000000002 18
1756395231092 0.0018000000000000002 19
1756395234059 0.0016200000000000001 20
1756395236980 0.0016200000000000001 21
1756395239916 0.0016200000000000001 22
1756395242918 0.0016200000000000001 23
1756395245917 0.0016200000000000001 24
1756395248843 0.0016200000000000001 25
1756395251795 0.0016200000000000001 26
1756395254761 0.0016200000000000001 27
1756395257678 0.0016200000000000001 28
1756395260867 0.0016200000000000001 29
1756395263827 0.001458 30
1756395266759 0.001458 31
1756395269721 0.001458 32
1756395272695 0.001458 33
1756395275674 0.001458 34
1756395278613 0.001458 35
1756395281569 0.001458 36
1756395284530 0.001458 37
1756395287442 0.001458 38
1756395290400 0.001458 39
1756395293376 0.0013122000000000001 40
1756395296320 0.0013122000000000001 41
1756395299490 0.0013122000000000001 42
1756395302438 0.0013122000000000001 43
1756395305418 0.0013122000000000001 44
1756395308323 0.0013122000000000001 45
1756395311258 0.0013122000000000001 46
1756395314219 0.0013122000000000001 47
1756395317166 0.0013122000000000001 48
1756395320130 0.0013122000000000001 49
1756395323062 0.00118098 50
1756395326005 0.00118098 51
1756395328916 0.00118098 52
1756395331884 0.00118098 53
