1756392863837 9.336950063705444 0
1756392872067 7.784361124038696 1
1756392880401 6.523504257202148 2
1756392888848 5.758559703826904 3
1756392897350 5.2282633781433105 4
1756392905523 4.965486645698547 5
1756392913783 4.668981671333313 6
1756392921984 4.361339688301086 7
1756392930205 4.155829668045044 8
1756392938219 3.967763066291809 9
1756392946207 3.8210421204566956 10
1756392954488 3.7686084508895874 11
1756392962779 3.658613622188568 12
1756392970715 3.5771952867507935 13
1756392978649 3.517722189426422 14
1756392986737 3.4813560247421265 15
1756392994853 3.4720388650894165 16
1756393002846 3.400441586971283 17
1756393011421 3.3634533882141113 18
1756393019372 3.3433446884155273 19
1756393027345 3.284580647945404 20
1756393035206 3.240467131137848 21
1756393043312 3.231258511543274 22
1756393051433 3.19754695892334 23
