1756392863854 0.001 0
1756392872081 0.001 1
1756392880416 0.001 2
1756392888864 0.001 3
1756392897364 0.001 4
1756392905539 0.001 5
1756392913801 0.001 6
1756392922000 0.001 7
1756392930219 0.001 8
1756392938236 0.001 9
1756392946224 0.0009000000000000001 10
1756392954502 0.0009000000000000001 11
1756392962795 0.0009000000000000001 12
1756392970731 0.0009000000000000001 13
1756392978665 0.0009000000000000001 14
1756392986751 0.0009000000000000001 15
1756392994867 0.0009000000000000001 16
1756393002862 0.0009000000000000001 17
1756393011436 0.0009000000000000001 18
1756393019386 0.0009000000000000001 19
1756393027362 0.0008100000000000001 20
1756393035224 0.0008100000000000001 21
1756393043328 0.0008100000000000001 22
1756393051449 0.0008100000000000001 23
