1756393772145 14.209543466567993 0
1756393787115 8.4648277759552 1
1756393802096 6.2293784618377686 2
1756393816962 5.484669923782349 3
1756393831806 4.60564661026001 4
1756393847026 4.331855535507202 5
1756393861915 4.088631808757782 6
1756393876843 3.907687723636627 7
1756393891650 3.793988347053528 8
1756393906540 3.641990542411804 9
1756393921767 3.6017909049987793 10
1756393936787 3.4614524245262146 11
1756393951781 3.3888424038887024 12
1756393966698 3.437272608280182 13
1756393981534 3.44420063495636 14
1756393996516 3.444035589694977 15
1756394011726 3.3124399185180664 16
1756394026703 3.302134156227112 17
1756394041498 3.2964950799942017 18
1756394056522 3.2420679330825806 19
1756394071377 3.1894659996032715 20
1756394086307 3.11791855096817 21
1756394101245 3.0923317670822144 22
1756394116195 3.1771419644355774 23
1756394131169 3.163256585597992 24
1756394146129 3.135883331298828 25
1756394160977 3.0598140358924866 26
1756394175985 3.0699523091316223 27
1756394190882 3.1255042552948 28
1756394205865 3.116595983505249 29
1756394221161 3.1487051844596863 30
