1756393772163 0.001 0
1756393787130 0.001 1
1756393802111 0.001 2
1756393816979 0.001 3
1756393831821 0.001 4
1756393847042 0.0009000000000000001 5
1756393861929 0.0009000000000000001 6
1756393876859 0.0009000000000000001 7
1756393891665 0.0009000000000000001 8
1756393906555 0.0009000000000000001 9
1756393921782 0.0008100000000000001 10
1756393936803 0.0008100000000000001 11
1756393951796 0.0008100000000000001 12
1756393966713 0.0008100000000000001 13
1756393981549 0.0008100000000000001 14
1756393996531 0.000729 15
1756394011741 0.000729 16
1756394026720 0.000729 17
1756394041512 0.000729 18
1756394056536 0.000729 19
1756394071391 0.0006561000000000001 20
1756394086321 0.0006561000000000001 21
1756394101260 0.0006561000000000001 22
1756394116210 0.0006561000000000001 23
1756394131184 0.0006561000000000001 24
1756394146145 0.00059049 25
1756394160991 0.00059049 26
1756394175999 0.00059049 27
1756394190897 0.00059049 28
1756394205880 0.00059049 29
1756394221178 0.000531441 30
