1756397076031 1.9751352996899814 0
1756397076583 1.7464054325832823 1
1756397077141 1.7117101326872484 2
1756397077687 1.700179995717229 3
1756397078212 1.6932546972768188 4
1756397078735 1.6877469266243423 5
1756397079270 1.681978279099041 6
1756397079800 1.6798307329531341 7
1756397080328 1.67555756734605 8
1756397080861 1.6734149888675645 9
1756397081381 1.6713566793898358 10
1756397081934 1.6703181814503025 11
1756397082466 1.6689531172564591 12
1756397082983 1.6698235406838788 13
1756397083506 1.6681409319395264 14
1756397084023 1.6653802887353197 15
1756397084559 1.664295954133553 16
1756397085083 1.6661631296960544 17
1756397085647 1.6627189431871687 18
1756397086182 1.6643093272065563 19
1756397086709 1.6630020712333295 20
1756397087242 1.6628009863341637 21
1756397087773 1.6594298286327525 22
1756397088296 1.6597244527809407 23
1756397088835 1.6603522839233222 24
1756397089361 1.6594554084608453 25
1756397089897 1.6591643753199043 26
1756397090429 1.6590015717915125 27
1756397090950 1.6618446309594115 28
1756397091481 1.6591511021249543 29
1756397092005 1.6583262148050728 30
1756397092544 1.659931393203588 31
1756397093083 1.655298376635695 32
1756397093605 1.6537763741025593 33
1756397094131 1.6570785008802378 34
1756397094669 1.6570967118252198 35
1756397095189 1.6584780814564826 36
1756397095738 1.654508062311121 37
1756397096278 1.6549719567464585 38
1756397096802 1.6571306100683323 39
1756397097334 1.655749831880842 40
1756397097868 1.6584005443285792 41
1756397098419 1.657086332792481 42
1756397098981 1.6524420962830768 43
1756397099521 1.6543858912000324 44
1756397100066 1.656897531052814 45
1756397100563 1.65397213094483 46
1756397101067 1.655414713855876 47
1756397101550 1.6538529943775486 48
1756397102042 1.6522280783266634 49
1756397102546 1.6532885641665072 50
1756397103040 1.6547358086670687 51
1756397103523 1.6509235448358601 52
1756397104007 1.652377707157356 53
1756397104518 1.6522979832984306 54
1756397105011 1.650617107461318 55
1756397105512 1.6548655944441275 56
1756397106005 1.6533643803541265 57
1756397106513 1.653966631668415 58
1756397107003 1.649191006730422 59
1756397107501 1.652241201014132 60
1756397108006 1.653090323260392 61
1756397108512 1.6509706076507864 62
1756397108995 1.6505058414687521 63
1756397109490 1.6508564323071808 64
1756397109984 1.6501758986918622 65
1756397110480 1.6510814699887308 66
1756397110979 1.6498790422461669 67
1756397111478 1.6529108272095905 68
1756397111998 1.6521131265117395 69
1756397112490 1.6494954695572723 70
1756397112985 1.6524889100932707 71
1756397113494 1.6498001326004972 72
1756397113998 1.650420940060413 73
1756397114498 1.65178023157893 74
1756397115001 1.6504819462198088 75
1756397115508 1.6510258770357227 76
1756397115995 1.648863115365901 77
1756397116525 1.6518565954849067 78
1756397117013 1.648309114356759 79
1756397117531 1.6502547337741926 80
1756397118014 1.649534457438701 81
1756397118500 1.6484284060341972 82
1756397118994 1.6488563001846255 83
1756397119495 1.6473933223591808 84
1756397119993 1.6464694453022195 85
1756397120488 1.6496389984624267 86
1756397120995 1.648435065184781 87
1756397121490 1.6525621874452097 88
1756397121982 1.6486989715384701 89
1756397122481 1.6493048875028102 90
1756397122980 1.6481379855093348 91
1756397123479 1.6506116017411574 92
1756397123967 1.6489774476607333 93
1756397124464 1.648120651373992 94
1756397124956 1.6462680345336442 95
1756397125469 1.6485616198837987 96
1756397125961 1.6481834410700558 97
1756397126474 1.647185450815326 98
1756397126993 1.6480783007780098 99
1756397127490 1.649499376768311 100
1756397128005 1.6467848983970848 101
1756397128496 1.6476965912520656 102
1756397128983 1.6477614871323338 103
1756397129488 1.6452089810463453 104
1756397129978 1.647498709814889 105
1756397130475 1.6490388422859221 106
1756397130957 1.6470742810186731 107
1756397131458 1.6466379902077457 108
1756397131953 1.644290632722921 109
1756397132442 1.6477051048205167 110
1756397132953 1.646913296467549 111
1756397133473 1.6462633485499496 112
1756397133991 1.6460829379475714 113
1756397134509 1.6479313258498791 114
1756397135075 1.6461880869847008 115
1756397135620 1.647728856926259 116
1756397136149 1.6441414581762779 117
1756397136690 1.6450704851666011 118
1756397137251 1.6449399984020985 119
1756397137796 1.64554982664042 120
1756397138373 1.6470674349994734 121
1756397138891 1.6467231157663706 122
