1756394581808 6.355918645858765 0
1756394583408 5.756363034248352 1
1756394585002 5.37713360786438 2
1756394586568 5.029554605484009 3
1756394588147 4.774291753768921 4
1756394589975 4.495928883552551 5
1756394591553 4.3087955713272095 6
1756394593066 4.114008665084839 7
1756394594621 3.995522975921631 8
1756394596137 3.904169261455536 9
1756394597648 3.772016406059265 10
1756394599186 3.6715664863586426 11
1756394600665 3.5691383481025696 12
1756394602137 3.4781835079193115 13
1756394603627 3.388137102127075 14
1756394605139 3.383517801761627 15
1756394606694 3.2608819603919983 16
1756394608293 3.243983030319214 17
1756394609972 3.2178764939308167 18
1756394611505 3.1383485198020935 19
1756394613062 3.103285074234009 20
1756394614704 3.069769561290741 21
1756394616286 3.022260010242462 22
1756394617830 2.9493516087532043 23
1756394619410 2.9109987020492554 24
1756394620929 2.891475558280945 25
1756394622430 2.8610094785690308 26
1756394623960 2.8347657918930054 27
1756394625490 2.787216603755951 28
1756394627024 2.7568305134773254 29
1756394628555 2.715098559856415 30
1756394630158 2.7203933596611023 31
1756394631671 2.7035006880760193 32
1756394633184 2.666139602661133 33
1756394634844 2.647788107395172 34
1756394636899 2.6298717260360718 35
1756394638492 2.617608904838562 36
1756394640126 2.6131760478019714 37
1756394641721 2.597043514251709 38
1756394643279 2.5848581790924072 39
1756394644825 2.5725664496421814 40
1756394646350 2.538239359855652 41
1756394647871 2.536268651485443 42
1756394649417 2.5099200010299683 43
1756394650966 2.5053282380104065 44
1756394652483 2.499878168106079 45
1756394654010 2.4957364797592163 46
1756394655556 2.505546271800995 47
1756394657080 2.4871952533721924 48
1756394658584 2.4848912358283997 49
1756394660088 2.485357642173767 50
1756394661598 2.4713656902313232 51
1756394663106 2.477536141872406 52
1756394664655 2.476514518260956 53
1756394666243 2.485594868659973 54
1756394667846 2.4795217514038086 55
1756394669423 2.4556161165237427 56
1756394670987 2.4403616786003113 57
1756394672527 2.427617907524109 58
1756394674029 2.4378820657730103 59
1756394675573 2.4203364849090576 60
1756394677129 2.402325689792633 61
1756394678712 2.4043626189231873 62
1756394680311 2.39719820022583 63
1756394682129 2.406882882118225 64
