1756394581823 0.002 0
1756394583423 0.002 1
1756394585016 0.002 2
1756394586584 0.002 3
1756394588162 0.002 4
1756394589988 0.002 5
1756394591565 0.002 6
1756394593080 0.002 7
1756394594635 0.002 8
1756394596149 0.002 9
1756394597661 0.0022 10
1756394599199 0.0022 11
1756394600677 0.0022 12
1756394602150 0.0022 13
1756394603638 0.0022 14
1756394605153 0.0022 15
1756394606708 0.0022 16
1756394608308 0.0022 17
1756394609986 0.0022 18
1756394611519 0.0022 19
1756394613078 0.0024200000000000003 20
1756394614717 0.0024200000000000003 21
1756394616302 0.0024200000000000003 22
1756394617846 0.0024200000000000003 23
1756394619424 0.0024200000000000003 24
1756394620943 0.0024200000000000003 25
1756394622446 0.0024200000000000003 26
1756394623975 0.0024200000000000003 27
1756394625505 0.0024200000000000003 28
1756394627040 0.0024200000000000003 29
1756394628568 0.0026620000000000003 30
1756394630172 0.0026620000000000003 31
1756394631687 0.0026620000000000003 32
1756394633199 0.0026620000000000003 33
1756394634859 0.0026620000000000003 34
1756394636915 0.0026620000000000003 35
1756394638508 0.0026620000000000003 36
1756394640142 0.0026620000000000003 37
1756394641735 0.0026620000000000003 38
1756394643293 0.0026620000000000003 39
1756394644841 0.0029282000000000006 40
1756394646365 0.0029282000000000006 41
1756394647884 0.0029282000000000006 42
1756394649433 0.0029282000000000006 43
1756394650981 0.0029282000000000006 44
1756394652497 0.0029282000000000006 45
1756394654025 0.0029282000000000006 46
1756394655571 0.0029282000000000006 47
1756394657094 0.0029282000000000006 48
1756394658599 0.0029282000000000006 49
1756394660102 0.003221020000000001 50
1756394661614 0.003221020000000001 51
1756394663121 0.003221020000000001 52
1756394664670 0.003221020000000001 53
1756394666257 0.003221020000000001 54
1756394667861 0.003221020000000001 55
1756394669438 0.003221020000000001 56
1756394671004 0.003221020000000001 57
1756394672543 0.003221020000000001 58
1756394674044 0.003221020000000001 59
1756394675590 0.0035431220000000014 60
1756394677146 0.0035431220000000014 61
1756394678727 0.0035431220000000014 62
1756394680328 0.0035431220000000014 63
1756394682144 0.0035431220000000014 64
