1756394743598 8.239854574203491 0
1756394746090 4.999314069747925 1
1756394748668 4.060634791851044 2
1756394751308 3.564424514770508 3
1756394753821 3.232001543045044 4
1756394756303 3.1041454672813416 5
1756394758649 2.9347816109657288 6
1756394761004 2.8864095211029053 7
1756394763340 2.7568695545196533 8
1756394765715 2.6871642470359802 9
1756394768082 2.6028866171836853 10
1756394770447 2.5250383615493774 11
1756394772843 2.493833899497986 12
1756394775230 2.470452070236206 13
1756394777608 2.4044737219810486 14
1756394779996 2.3741453289985657 15
1756394782357 2.329577624797821 16
1756394784780 2.3002939224243164 17
1756394787145 2.287507474422455 18
1756394789531 2.282456636428833 19
1756394791884 2.2437179684638977 20
1756394794258 2.2258825302124023 21
1756394796624 2.2133264541625977 22
1756394798964 2.201917350292206 23
1756394801309 2.1843485832214355 24
1756394803676 2.181773364543915 25
1756394806025 2.1591970920562744 26
1756394808351 2.1737515926361084 27
1756394810730 2.1602805256843567 28
1756394813213 2.1512510180473328 29
1756394815646 2.1438525915145874 30
1756394818101 2.1415563821792603 31
1756394820547 2.1350762844085693 32
1756394822911 2.135095953941345 33
1756394825372 2.125670373439789 34
1756394827772 2.139262020587921 35
1756394830136 2.1379993557929993 36
1756394832585 2.1185534596443176 37
1756394835218 2.120549440383911 38
1756394837544 2.1140247583389282 39
1756394839844 2.110787808895111 40
1756394842210 2.1152957677841187 41
