1756394743612 0.002 0
1756394746102 0.002 1
1756394748683 0.002 2
1756394751323 0.002 3
1756394753836 0.002 4
1756394756317 0.002 5
1756394758664 0.002 6
1756394761018 0.002 7
1756394763355 0.002 8
1756394765729 0.002 9
1756394768095 0.001 10
1756394770461 0.001 11
1756394772859 0.001 12
1756394775245 0.001 13
1756394777622 0.001 14
1756394780010 0.001 15
1756394782371 0.001 16
1756394784795 0.001 17
1756394787162 0.001 18
1756394789545 0.001 19
1756394791899 0.0005 20
1756394794272 0.0005 21
1756394796639 0.0005 22
1756394798977 0.0005 23
1756394801322 0.0005 24
1756394803692 0.0005 25
1756394806039 0.0005 26
1756394808364 0.0005 27
1756394810746 0.0005 28
1756394813228 0.0005 29
1756394815662 0.00025 30
1756394818116 0.00025 31
1756394820562 0.00025 32
1756394822929 0.00025 33
1756394825389 0.00025 34
1756394827788 0.00025 35
1756394830150 0.00025 36
1756394832598 0.00025 37
1756394835235 0.00025 38
1756394837558 0.00025 39
1756394839859 0.000125 40
