1756394866197 8.373063445091248 0
1756394868615 5.8176082372665405 1
1756394871088 4.838657379150391 2
1756394873748 4.464287161827087 3
1756394876158 3.908831536769867 4
1756394878518 3.640658915042877 5
1756394880858 3.4213061928749084 6
1756394883205 3.326686382293701 7
1756394885550 3.109735608100891 8
1756394887929 3.0207648277282715 9
1756394890268 2.941958785057068 10
1756394892643 2.834263026714325 11
1756394894986 2.8021169900894165 12
1756394897325 2.9098785519599915 13
1756394899703 2.860111176967621 14
1756394902045 2.7597728967666626 15
1756394904444 2.7499250769615173 16
1756394906793 2.6942253708839417 17
1756394909130 2.583976686000824 18
1756394911451 2.5751706957817078 19
1756394913750 2.55255925655365 20
1756394916333 2.5249284505844116 21
1756394918660 2.505451798439026 22
1756394921018 2.461548626422882 23
1756394923405 2.440981149673462 24
1756394925748 2.4251381754875183 25
1756394928151 2.427792489528656 26
1756394930532 2.3827467560768127 27
1756394932866 2.3552497029304504 28
1756394935221 2.3831635117530823 29
1756394937546 2.3583685159683228 30
1756394939841 2.3542357683181763 31
1756394942154 2.324252724647522 32
1756394944453 2.291812300682068 33
1756394946788 2.3121405243873596 34
1756394949139 2.2894172072410583 35
1756394951488 2.2903494834899902 36
1756394953811 2.255160689353943 37
1756394956125 2.2644118666648865 38
1756394958462 2.2487069368362427 39
1756394960800 2.238962411880493 40
1756394963098 2.243914544582367 41
1756394965413 2.20551735162735 42
1756394967772 2.2118276357650757 43
1756394970076 2.200377941131592 44
1756394972386 2.212620258331299 45
1756394974694 2.1912825107574463 46
1756394977031 2.2016206979751587 47
1756394979358 2.1891207098960876 48
1756394981674 2.2044302821159363 49
1756394983987 2.1965708136558533 50
1756394986286 2.1918001770973206 51
1756394988573 2.168000102043152 52
1756394990873 2.157831370830536 53
1756394993150 2.142764449119568 54
1756394995491 2.149821937084198 55
1756394997830 2.1430607438087463 56
1756395000115 2.1420246958732605 57
1756395002398 2.1311914920806885 58
1756395004714 2.135687470436096 59
1756395007010 2.127143919467926 60
1756395009329 2.115541696548462 61
1756395011625 2.1065497994422913 62
1756395013888 2.1081642508506775 63
1756395016426 2.1080846786499023 64
1756395018712 2.1011248230934143 65
1756395021049 2.1071648597717285 66
1756395023366 2.0979456901550293 67
1756395025697 2.089848756790161 68
1756395028023 2.0955687165260315 69
1756395030360 2.0963773131370544 70
1756395032668 2.0870079398155212 71
1756395034980 2.087923526763916 72
1756395037311 2.088227152824402 73
1756395039630 2.0767446756362915 74
1756395041944 2.0836342573165894 75
1756395044285 2.0792261958122253 76
1756395046606 2.071740984916687 77
1756395048888 2.07535058259964 78
1756395051229 2.062211334705353 79
1756395053502 2.062026023864746 80
1756395055869 2.0721489787101746 81
1756395058183 2.0518075227737427 82
1756395060499 2.053057551383972 83
1756395062794 2.0556485652923584 84
1756395065109 2.049590229988098 85
1756395067386 2.055289328098297 86
1756395069674 2.0512139201164246 87
1756395071992 2.0493581295013428 88
1756395074346 2.0447577238082886 89
1756395076652 2.053569495677948 90
1756395078933 2.0368544459342957 91
1756395081243 2.0477685928344727 92
1756395083561 2.0426816940307617 93
1756395085915 2.0348119139671326 94
1756395088224 2.0310181975364685 95
1756395090593 2.0264620184898376 96
1756395092894 2.0237199664115906 97
1756395095246 2.0306219458580017 98
1756395097543 2.0206603705883026 99
