1756394866211 0.002 0
1756394868630 0.002 1
1756394871106 0.002 2
1756394873764 0.002 3
1756394876171 0.002 4
1756394878533 0.002 5
1756394880873 0.002 6
1756394883221 0.002 7
1756394885565 0.002 8
1756394887942 0.002 9
1756394890283 0.0018000000000000002 10
1756394892657 0.0018000000000000002 11
1756394895000 0.0018000000000000002 12
1756394897339 0.0018000000000000002 13
1756394899717 0.0018000000000000002 14
1756394902061 0.0018000000000000002 15
1756394904458 0.0018000000000000002 16
1756394906807 0.0018000000000000002 17
1756394909144 0.0018000000000000002 18
1756394911466 0.0018000000000000002 19
1756394913765 0.0016200000000000001 20
1756394916347 0.0016200000000000001 21
1756394918674 0.0016200000000000001 22
1756394921034 0.0016200000000000001 23
1756394923419 0.0016200000000000001 24
1756394925763 0.0016200000000000001 25
1756394928166 0.0016200000000000001 26
1756394930547 0.0016200000000000001 27
1756394932881 0.0016200000000000001 28
1756394935235 0.0016200000000000001 29
1756394937559 0.001458 30
1756394939856 0.001458 31
1756394942169 0.001458 32
1756394944468 0.001458 33
1756394946802 0.001458 34
1756394949154 0.001458 35
1756394951502 0.001458 36
1756394953826 0.001458 37
1756394956140 0.001458 38
1756394958477 0.001458 39
1756394960816 0.0013122000000000001 40
1756394963114 0.0013122000000000001 41
1756394965429 0.0013122000000000001 42
1756394967788 0.0013122000000000001 43
1756394970093 0.0013122000000000001 44
1756394972400 0.0013122000000000001 45
1756394974708 0.0013122000000000001 46
1756394977046 0.0013122000000000001 47
1756394979372 0.0013122000000000001 48
1756394981688 0.0013122000000000001 49
1756394984000 0.00118098 50
1756394986301 0.00118098 51
1756394988587 0.00118098 52
1756394990888 0.00118098 53
1756394993164 0.00118098 54
1756394995509 0.00118098 55
1756394997845 0.00118098 56
1756395000131 0.00118098 57
1756395002414 0.00118098 58
1756395004731 0.00118098 59
1756395007024 0.001062882 60
1756395009344 0.001062882 61
1756395011638 0.001062882 62
1756395013902 0.001062882 63
1756395016439 0.001062882 64
1756395018727 0.001062882 65
1756395021065 0.001062882 66
1756395023381 0.001062882 67
1756395025712 0.001062882 68
1756395028039 0.001062882 69
1756395030375 0.0009565938 70
1756395032683 0.0009565938 71
1756395034995 0.0009565938 72
1756395037327 0.0009565938 73
1756395039644 0.0009565938 74
1756395041957 0.0009565938 75
1756395044301 0.0009565938 76
1756395046621 0.0009565938 77
1756395048901 0.0009565938 78
1756395051243 0.0009565938 79
1756395053519 0.00086093442 80
1756395055885 0.00086093442 81
1756395058199 0.00086093442 82
1756395060514 0.00086093442 83
1756395062810 0.00086093442 84
1756395065124 0.00086093442 85
1756395067402 0.00086093442 86
1756395069690 0.00086093442 87
1756395072007 0.00086093442 88
1756395074363 0.00086093442 89
1756395076666 0.000774840978 90
1756395078948 0.000774840978 91
1756395081258 0.000774840978 92
1756395083575 0.000774840978 93
1756395085929 0.000774840978 94
1756395088240 0.000774840978 95
1756395090608 0.000774840978 96
1756395092911 0.000774840978 97
1756395095262 0.000774840978 98
1756395097559 0.000774840978 99
