1756398292125 7.753633975982666 0
1756398294179 6.4153536558151245 1
1756398296229 5.484684705734253 2
1756398298296 4.825892686843872 3
1756398300638 4.3346874713897705 4
1756398302617 4.014697790145874 5
1756398304525 3.889691114425659 6
1756398306491 3.728070378303528 7
1756398308443 3.621225655078888 8
1756398310423 3.501993775367737 9
1756398312356 3.459659159183502 10
1756398314305 3.3822608590126038 11
1756398316227 3.266518473625183 12
1756398318119 3.194960653781891 13
1756398320025 3.116345465183258 14
1756398321922 3.0863330364227295 15
1756398323799 3.033126175403595 16
1756398325768 3.0044079422950745 17
1756398327720 2.912127912044525 18
1756398329732 2.919447422027588 19
1756398331667 2.874911367893219 20
1756398333595 2.8807491064071655 21
1756398335490 2.8016629815101624 22
1756398337372 2.7724230885505676 23
1756398339325 2.7704782485961914 24
1756398341271 2.767999589443207 25
1756398343200 2.713611423969269 26
1756398345090 2.6848506331443787 27
1756398347023 2.704390525817871 28
1756398348974 2.686037063598633 29
1756398350904 2.6597574949264526 30
1756398352861 2.662045955657959 31
1756398354909 2.6229498982429504 32
1756398356972 2.613613724708557 33
1756398359028 2.596798062324524 34
1756398361064 2.576841413974762 35
1756398363327 2.581061542034149 36
1756398365292 2.568829596042633 37
1756398367199 2.548430562019348 38
1756398369085 2.5394416451454163 39
1756398371041 2.54115492105484 40
1756398372974 2.4968672394752502 41
1756398374884 2.4868316650390625 42
1756398376820 2.487544298171997 43
1756398378765 2.48233962059021 44
1756398380691 2.4584301710128784 45
1756398382591 2.448555588722229 46
1756398384522 2.449494779109955 47
1756398386489 2.4405322074890137 48
1756398388427 2.444277763366699 49
1756398390340 2.4380452632904053 50
1756398392240 2.4374095797538757 51
1756398394177 2.4217495918273926 52
1756398396117 2.4109174609184265 53
1756398398057 2.424274265766144 54
1756398399960 2.4218603372573853 55
1756398401882 2.3842755556106567 56
1756398403781 2.388507604598999 57
1756398405699 2.397714853286743 58
1756398407618 2.384208858013153 59
1756398409539 2.378962457180023 60
1756398411441 2.3761786818504333 61
1756398413325 2.3728575110435486 62
1756398415249 2.356139659881592 63
1756398417162 2.354719042778015 64
1756398419085 2.346925437450409 65
1756398421013 2.335719645023346 66
1756398422899 2.3426008820533752 67
1756398424813 2.3342840671539307 68
1756398426708 2.3358362913131714 69
1756398428855 2.318220019340515 70
1756398430755 2.3113216757774353 71
1756398432639 2.3218291997909546 72
1756398434536 2.31854647397995 73
1756398436429 2.3076407313346863 74
1756398438326 2.311925530433655 75
1756398440273 2.302634298801422 76
1756398442180 2.2987993955612183 77
1756398444047 2.302994966506958 78
1756398445911 2.3070733547210693 79
1756398447802 2.306407153606415 80
1756398449675 2.3055489659309387 81
1756398451590 2.2974323630332947 82
1756398453562 2.2824785709381104 83
1756398455646 2.2857066988945007 84
1756398457576 2.2749428749084473 85
1756398459481 2.296640694141388 86
1756398461395 2.279372811317444 87
1756398463317 2.2679941654205322 88
1756398465238 2.277565121650696 89
1756398467169 2.2773479223251343 90
1756398469070 2.2679699659347534 91
1756398470985 2.26975280046463 92
1756398472862 2.259945333003998 93
1756398474758 2.2629525661468506 94
1756398476660 2.254790186882019 95
1756398478543 2.25779527425766 96
1756398480616 2.2552179098129272 97
1756398482512 2.2601041197776794 98
1756398484442 2.2462353706359863 99
1756398486429 2.240685999393463 100
1756398488303 2.24135559797287 101
1756398490286 2.2448021173477173 102
1756398492585 2.232527732849121 103
1756398494645 2.25160551071167 104
1756398496492 2.241302013397217 105
1756398498472 2.2400863766670227 106
1756398500302 2.2303650975227356 107
1756398502309 2.2355589866638184 108
1756398504280 2.2331504821777344 109
1756398506226 2.227853775024414 110
1756398508125 2.227165937423706 111
1756398509998 2.2321824431419373 112
1756398512101 2.2274394035339355 113
1756398514019 2.224071741104126 114
1756398515898 2.2184096574783325 115
1756398517958 2.226611077785492 116
1756398519761 2.226909339427948 117
1756398521598 2.2321818470954895 118
1756398523648 2.221206486225128 119
1756398525782 2.227343738079071 120
