1756398292140 0.002 0
1756398294195 0.002 1
1756398296246 0.002 2
1756398298313 0.002 3
1756398300654 0.002 4
1756398302632 0.002 5
1756398304538 0.002 6
1756398306507 0.002 7
1756398308460 0.002 8
1756398310438 0.002 9
1756398312373 0.0018000000000000002 10
1756398314320 0.0018000000000000002 11
1756398316243 0.0018000000000000002 12
1756398318136 0.0018000000000000002 13
1756398320039 0.0018000000000000002 14
1756398321936 0.0018000000000000002 15
1756398323816 0.0018000000000000002 16
1756398325784 0.0018000000000000002 17
1756398327737 0.0018000000000000002 18
1756398329750 0.0018000000000000002 19
1756398331682 0.0016200000000000001 20
1756398333611 0.0016200000000000001 21
1756398335506 0.0016200000000000001 22
1756398337387 0.0016200000000000001 23
1756398339342 0.0016200000000000001 24
1756398341286 0.0016200000000000001 25
1756398343216 0.0016200000000000001 26
1756398345105 0.0016200000000000001 27
1756398347039 0.0016200000000000001 28
1756398348989 0.0016200000000000001 29
1756398350918 0.001458 30
1756398352879 0.001458 31
1756398354927 0.001458 32
1756398356989 0.001458 33
1756398359044 0.001458 34
1756398361081 0.001458 35
1756398363347 0.001458 36
1756398365310 0.001458 37
1756398367216 0.001458 38
1756398369101 0.001458 39
1756398371059 0.0013122000000000001 40
1756398372991 0.0013122000000000001 41
1756398374900 0.0013122000000000001 42
1756398376835 0.0013122000000000001 43
1756398378779 0.0013122000000000001 44
1756398380705 0.0013122000000000001 45
1756398382607 0.0013122000000000001 46
1756398384536 0.0013122000000000001 47
1756398386503 0.0013122000000000001 48
1756398388441 0.0013122000000000001 49
1756398390355 0.00118098 50
1756398392258 0.00118098 51
1756398394192 0.00118098 52
1756398396133 0.00118098 53
1756398398073 0.00118098 54
1756398399978 0.00118098 55
1756398401897 0.00118098 56
1756398403795 0.00118098 57
1756398405717 0.00118098 58
1756398407632 0.00118098 59
1756398409556 0.001062882 60
1756398411455 0.001062882 61
1756398413342 0.001062882 62
1756398415265 0.001062882 63
1756398417177 0.001062882 64
1756398419099 0.001062882 65
1756398421028 0.001062882 66
1756398422914 0.001062882 67
1756398424830 0.001062882 68
1756398426725 0.001062882 69
1756398428869 0.0009565938 70
1756398430770 0.0009565938 71
1756398432655 0.0009565938 72
1756398434552 0.0009565938 73
1756398436445 0.0009565938 74
1756398438341 0.0009565938 75
1756398440289 0.0009565938 76
1756398442196 0.0009565938 77
1756398444064 0.0009565938 78
1756398445926 0.0009565938 79
1756398447821 0.00086093442 80
1756398449692 0.00086093442 81
1756398451605 0.00086093442 82
1756398453579 0.00086093442 83
1756398455663 0.00086093442 84
1756398457593 0.00086093442 85
1756398459496 0.00086093442 86
1756398461411 0.00086093442 87
1756398463333 0.00086093442 88
1756398465255 0.00086093442 89
1756398467185 0.000774840978 90
1756398469084 0.000774840978 91
1756398471000 0.000774840978 92
1756398472878 0.000774840978 93
1756398474773 0.000774840978 94
1756398476675 0.000774840978 95
1756398478561 0.000774840978 96
1756398480637 0.000774840978 97
1756398482528 0.000774840978 98
1756398484460 0.000774840978 99
1756398486446 0.0006973568802 100
1756398488319 0.0006973568802 101
1756398490305 0.0006973568802 102
1756398492603 0.0006973568802 103
1756398494663 0.0006973568802 104
1756398496509 0.0006973568802 105
1756398498491 0.0006973568802 106
1756398500317 0.0006973568802 107
1756398502325 0.0006973568802 108
1756398504295 0.0006973568802 109
1756398506245 0.0006276211921800001 110
1756398508145 0.0006276211921800001 111
1756398510016 0.0006276211921800001 112
1756398512120 0.0006276211921800001 113
1756398514033 0.0006276211921800001 114
1756398515918 0.0006276211921800001 115
1756398517974 0.0006276211921800001 116
1756398519776 0.0006276211921800001 117
1756398521614 0.0006276211921800001 118
1756398523668 0.0006276211921800001 119
1756398525798 0.0005648590729620001 120
