1756393123820 6.899200439453125 0
1756393127109 4.130087852478027 1
1756393130427 3.4092965126037598 2
1756393133834 3.3249223828315735 3
1756393137110 3.0189074277877808 4
1756393140476 2.892074227333069 5
1756393143758 2.7767485976219177 6
1756393146996 2.6888057589530945 7
1756393150135 2.555876076221466 8
1756393153217 2.520040452480316 9
1756393156318 2.5376145243644714 10
1756393159494 2.410048484802246 11
1756393162565 2.352363646030426 12
1756393165658 2.394291877746582 13
1756393168849 2.3255257606506348 14
1756393172058 2.2956393361091614 15
1756393175363 2.2696940302848816 16
1756393178639 2.258615553379059 17
1756393181851 2.2357460856437683 18
1756393185016 2.2110713720321655 19
1756393188330 2.213307023048401 20
1756393191543 2.1936264038085938 21
1756393194750 2.1961798071861267 22
1756393197876 2.181678295135498 23
1756393201014 2.166384994983673 24
1756393204161 2.1663172841072083 25
1756393207261 2.1692890524864197 26
1756393210329 2.164745032787323 27
1756393213657 2.1488175988197327 28
1756393216788 2.1505321860313416 29
1756393219837 2.143641710281372 30
1756393222924 2.136525273323059 31
1756393226097 2.139963448047638 32
1756393229253 2.1419988870620728 33
1756393232548 2.1376267075538635 34
1756393235746 2.144618511199951 35
1756393238986 2.128405749797821 36
1756393242101 2.12150502204895 37
1756393245375 2.114591360092163 38
1756393248558 2.1336578130722046 39
1756393251815 2.136835753917694 40
1756393254969 2.1340125799179077 41
1756393258065 2.1171308159828186 42
1756393261155 2.11213755607605 43
1756393264274 2.111815571784973 44
1756393267430 2.1084575057029724 45
1756393270537 2.09991592168808 46
1756393273645 2.093334197998047 47
1756393276716 2.09221214056015 48
1756393279807 2.095499575138092 49
1756393282872 2.0869871973991394 50
1756393286005 2.083589017391205 51
1756393289119 2.0786285996437073 52
1756393292230 2.075109362602234 53
1756393295304 2.07358717918396 54
1756393298425 2.0792436599731445 55
1756393301529 2.0705307722091675 56
1756393304977 2.0743476152420044 57
1756393308101 2.076006770133972 58
1756393311437 2.080033004283905 59
1756393314653 2.0753459334373474 60
1756393317880 2.068512976169586 61
1756393321143 2.0593411922454834 62
1756393324345 2.0564457178115845 63
1756393327514 2.0554593801498413 64
1756393330804 2.0468976497650146 65
1756393333982 2.0420334935188293 66
1756393337139 2.0378958582878113 67
1756393340252 2.039505124092102 68
1756393343363 2.0422223806381226 69
1756393346591 2.042901635169983 70
1756393349733 2.0360644459724426 71
1756393352992 2.033138155937195 72
1756393356182 2.031893312931061 73
1756393359185 2.029961407184601 74
1756393362370 2.0213757157325745 75
1756393365403 2.0229648649692535 76
