1756393123834 0.02 0
1756393127125 0.02 1
1756393130442 0.02 2
1756393133849 0.02 3
1756393137125 0.02 4
1756393140492 0.02 5
1756393143771 0.02 6
1756393147010 0.02 7
1756393150149 0.02 8
1756393153232 0.02 9
1756393156334 0.02 10
1756393159508 0.02 11
1756393162580 0.02 12
1756393165672 0.02 13
1756393168864 0.02 14
1756393172075 0.018000000000000002 15
1756393175380 0.018000000000000002 16
1756393178654 0.018000000000000002 17
1756393181866 0.018000000000000002 18
1756393185031 0.018000000000000002 19
1756393188347 0.018000000000000002 20
1756393191558 0.018000000000000002 21
1756393194765 0.018000000000000002 22
1756393197889 0.018000000000000002 23
1756393201028 0.018000000000000002 24
1756393204176 0.018000000000000002 25
1756393207276 0.018000000000000002 26
1756393210344 0.018000000000000002 27
1756393213671 0.018000000000000002 28
1756393216801 0.018000000000000002 29
1756393219853 0.016200000000000003 30
1756393222938 0.016200000000000003 31
1756393226114 0.016200000000000003 32
1756393229269 0.016200000000000003 33
1756393232565 0.016200000000000003 34
1756393235762 0.016200000000000003 35
1756393239001 0.016200000000000003 36
1756393242116 0.016200000000000003 37
1756393245390 0.016200000000000003 38
1756393248574 0.016200000000000003 39
1756393251829 0.016200000000000003 40
1756393254983 0.016200000000000003 41
1756393258079 0.016200000000000003 42
1756393261171 0.016200000000000003 43
1756393264290 0.016200000000000003 44
1756393267444 0.014580000000000003 45
1756393270552 0.014580000000000003 46
1756393273661 0.014580000000000003 47
1756393276731 0.014580000000000003 48
1756393279822 0.014580000000000003 49
1756393282886 0.014580000000000003 50
1756393286021 0.014580000000000003 51
1756393289135 0.014580000000000003 52
1756393292244 0.014580000000000003 53
1756393295320 0.014580000000000003 54
1756393298440 0.014580000000000003 55
1756393301544 0.014580000000000003 56
1756393304994 0.014580000000000003 57
1756393308119 0.014580000000000003 58
1756393311451 0.014580000000000003 59
1756393314668 0.013122000000000003 60
1756393317896 0.013122000000000003 61
1756393321158 0.013122000000000003 62
1756393324360 0.013122000000000003 63
1756393327529 0.013122000000000003 64
1756393330818 0.013122000000000003 65
1756393333999 0.013122000000000003 66
1756393337155 0.013122000000000003 67
1756393340267 0.013122000000000003 68
1756393343380 0.013122000000000003 69
1756393346607 0.013122000000000003 70
1756393349748 0.013122000000000003 71
1756393353011 0.013122000000000003 72
1756393356195 0.013122000000000003 73
1756393359198 0.013122000000000003 74
1756393362384 0.011809800000000004 75
1756393365417 0.011809800000000004 76
